6252689
6253427
6267672
6267917
6286689
6305247
6305374
6306697
6308873
6309155
6310760
7944248

7951176

7952477

7952767

7952999

7953711

7954120

7954567

7958638

7991868

7992132

8002411

8005852

8006270

8006650

8044794

8045941

8046989

8047775

8047843

8054007

8055380

8098151

8230311

8236991

8237013

8240861

8242745

8243364

8245332

8247311

8247801

8287527

8299330

8336970

8337642

8339970

8344921

8381186

8385442

8523082

8542242

8543338

8543577

8587907

8588628

8589129

8589847

8605632

8652108

8698294

8707085

8712992

8962913

8963453

8965379

8965774

9029185

9052985

9105503

9113019

9114210

9291442

9297769

9304074

9308153

9308453

9308955

9312455

9322759

9353527

9354340

9360438

9369216

9358756

9423781

9430642

9489861

9704686

9704827

9705145

9708888

9713794

9716340

9720085

9789470

9792459

10316752

10317078

10319446

10388400

10388438

10401128

10402195

10433859

10776432

10776727

10776803

10776856

10784205

10958723

10959141

10959679

10962682

11245882

11246243

11246671

11248558

11327326

11344299

11346135

11353938

11354497

11437422

11502361

12219150

12220358

12231624

12232190

12234775

12235858

12277486

12278355

12286070

12328679

12328800

12464957

12471535

12478306

12479038

12480575

12506048

12520997

12528750

12533127

12533987

12536268

12576163

12578992

12598284

12681766

12688320

12692296

12692591

12803167

12804923

12808259

12815743

12823635

12868279

12869072

12870000

12871419

12875496

12972373

12972659

12975207

12984122

13134426

13136794

13143656

13145682

13146403

13147375

13188151

13190476

13195092

13195943

13295738

13301448

13301952

13342292

13342400

13352486

13352536

13354388

13490583

13493378

13540963

13545519

13549611

13559772

13611148

13622963

13623180

13659978

13662273

13676054

13676414

13713450

13720841

13721143

13731770

13951101
